-0.5391638660171921 0.539163866017192 -0.6469966392206304
0.5391638660171921 0.539163866017192 -0.6469966392206304
0.5391638660171921 0.539163866017192 0.6469966392206304
-0.5391638660171921 0.539163866017192 0.6469966392206304
-0.5391638660171921 -0.5391638660171919 -0.6469966392206304
0.5391638660171921 -0.5391638660171919 -0.6469966392206304
0.5391638660171921 -0.5391638660171919 0.6469966392206304
-0.5391638660171921 -0.5391638660171919 0.6469966392206304
-0.577350269189626 0.5773502691896262 -0.5773502691896254
0.577350269189626 0.5773502691896262 -0.5773502691896254
0.577350269189626 -0.5773502691896262 -0.5773502691896254
-0.577350269189626 -0.5773502691896262 -0.5773502691896254
-0.5773502691896258 0.5773502691896261 0.5773502691896254
0.5773502691896258 0.5773502691896261 0.5773502691896254
0.5773502691896258 -0.5773502691896261 0.5773502691896254
-0.5773502691896258 -0.5773502691896261 0.5773502691896254
-0.5773502691896271 0.5773502691896252 -0.5773502691896252
0.5773502691896271 0.5773502691896252 -0.5773502691896252
0.5773502691896271 -0.5773502691896252 -0.5773502691896252
-0.5773502691896271 -0.5773502691896252 -0.5773502691896252
-0.5773502691896273 0.5773502691896254 0.5773502691896247
0.5773502691896271 0.5773502691896252 0.5773502691896252
0.5773502691896271 -0.5773502691896252 0.5773502691896252
-0.5773502691896273 -0.5773502691896254 0.5773502691896247
-0.5773502691896271 0.5773502691896252 -0.5773502691896252
0.5773502691896271 0.5773502691896252 -0.5773502691896252
0.5773502691896271 -0.5773502691896252 -0.5773502691896252
-0.5773502691896271 -0.5773502691896252 -0.5773502691896252
-0.5773502691896271 0.5773502691896252 0.5773502691896252
0.5773502691896273 0.5773502691896254 0.5773502691896247
0.5773502691896273 -0.5773502691896254 0.5773502691896247
-0.5773502691896271 -0.5773502691896252 0.5773502691896252
-0.5773502691896257 0.5773502691896257 -0.5773502691896257
0.5773502691896257 0.5773502691896257 -0.5773502691896257
0.5773502691896257 -0.5773502691896257 -0.5773502691896257
-0.5773502691896257 -0.5773502691896257 -0.5773502691896257
-0.5773502691896257 0.5773502691896257 0.5773502691896256
0.5773502691896257 0.5773502691896257 0.5773502691896256
0.5773502691896257 -0.5773502691896257 0.5773502691896256
-0.5773502691896257 -0.5773502691896257 0.5773502691896256
-0.5773502691896256 0.5773502691896258 -0.5773502691896261
0.5773502691896256 0.5773502691896258 -0.5773502691896261
0.5773502691896256 -0.5773502691896258 -0.5773502691896261
-0.5773502691896256 -0.5773502691896258 -0.5773502691896261
-0.5773502691896256 0.5773502691896258 0.5773502691896258
0.5773502691896256 0.5773502691896258 0.5773502691896258
0.5773502691896256 -0.5773502691896258 0.5773502691896258
-0.5773502691896256 -0.5773502691896258 0.5773502691896258
-0.5773502691896256 0.5773502691896258 -0.5773502691896261
0.5773502691896256 0.5773502691896258 -0.5773502691896261
0.5773502691896256 -0.5773502691896258 -0.5773502691896261
-0.5773502691896256 -0.5773502691896258 -0.5773502691896261
-0.5773502691896256 0.5773502691896258 0.5773502691896258
0.5773502691896256 0.5773502691896258 0.5773502691896258
0.5773502691896256 -0.5773502691896258 0.5773502691896258
-0.5773502691896256 -0.5773502691896258 0.5773502691896258
0.4509080143623161 -0.4509080143623162 -0.7703011912022898
-0.4509080143623161 -0.4509080143623162 -0.7703011912022898
-0.450908014362316 0.4509080143623161 0.7703011912022898
0.450908014362316 0.4509080143623161 0.7703011912022898
0 0 -1
-0.6782801027330657 0.2826167094721107 -0.6782801027330657
0.6782801027330657 0.2826167094721107 -0.6782801027330657
0.6782801027330657 -0.2826167094721107 -0.6782801027330657
-0.6782801027330657 -0.2826167094721107 -0.6782801027330657
-0.6782801027330657 0.2826167094721107 0.6782801027330659
0.6782801027330657 0.2826167094721107 0.6782801027330659
0.6782801027330657 -0.2826167094721107 0.6782801027330659
-0.6782801027330657 -0.2826167094721107 0.6782801027330659
-0.6782801027330657 0.2826167094721107 -0.6782801027330657
0.6782801027330657 0.2826167094721107 -0.6782801027330657
0.6782801027330657 -0.2826167094721107 -0.6782801027330657
-0.6782801027330657 -0.2826167094721107 -0.6782801027330657
-0.6782801027330657 0.2826167094721107 0.6782801027330659
0.6782801027330657 0.2826167094721107 0.6782801027330659
0.6782801027330657 -0.2826167094721107 0.6782801027330659
-0.6782801027330657 -0.2826167094721107 0.6782801027330659
0.28261670947211065 0.6782801027330657 -0.6782801027330657
0.28261670947211065 -0.6782801027330657 -0.6782801027330657
-0.28261670947211065 -0.6782801027330657 -0.6782801027330657
-0.28261670947211065 0.6782801027330657 -0.6782801027330657
0.2826167094721107 0.6782801027330659 0.6782801027330657
0.28261670947211065 -0.6782801027330657 0.6782801027330657
-0.28261670947211065 -0.6782801027330657 0.6782801027330657
-0.2826167094721107 0.6782801027330659 0.6782801027330657
-0.28261670947211065 -0.6782801027330657 -0.6782801027330657
-0.28261670947211065 0.6782801027330657 -0.6782801027330657
0.28261670947211065 0.6782801027330657 -0.6782801027330657
0.28261670947211065 -0.6782801027330657 -0.6782801027330657
-0.28261670947211065 -0.6782801027330657 0.6782801027330657
-0.2826167094721107 0.6782801027330659 0.6782801027330657
0.2826167094721107 0.6782801027330659 0.6782801027330657
0.28261670947211065 -0.6782801027330657 0.6782801027330657