1.1331263952037998
0
0
0
0
1.5108351936050664
0
0
0
0
1.002002002002002
-0.20020020020020018
0
0
1
0
1
0
0
0
0
1
0
0
0
0
1
2
0
0
0
1
1.1331263952037998
0
0
0
0
1.5108351936050664
0
0
0
0
1.002002002002002
1.8038038038038038
0
0
1
2
0.9
0
0
0
-0.05
0
0
0
0.125
0
0
0
1
0
0
0
1.01981375568342
0
0
0
-0.07554175968025333
0
0
0
1.929054054054054
0
0
0
2.125
0
0
0
1
0
0
0
0
1
0
0
0
0
1
2
0
0
0
1
1
0
0
0
0
1
0
0
0
0
1
0
0
0
0
1
1.1331263952037998
0
0
0
0
1.5108351936050664
0
0
0
0
1.002002002002002
1.8038038038038038
0
0
1
2
0
0
0
0
0
0
0
0
0
0
0
0
0
0
0
0
0
0
0
0
0
0
0
0
0
0
0
0
0
0
0
0